3333333333333333333333333333
3111111111111331111111111113
3133331333331331333331333313
3233331333331331333331333323
3133331333331331333331333313
3111111111111111111111111113
3133331331333333331331333313
3133331331333333331331333313
3111111331111331111331111113
3333331333330330333331333333
3333331333330330333331333333
3333331330000000000331333333
3333331330333333330331333333
3333331330333333330331333333
0000001000333333330001000000
3333331330333333330331333333
3333331330333333330331333333
3333331330000000000331333333
3333331330333333330331333333
3333331330333333330331333333
3111111111111331111111111113
3133331333331331333331333313
3133331333331331333331333313
3211331111111001111111331123
3331331331333333331331331333
3331331331333333331331331333
3111111331111331111331111113
3133333333331331333333333313
3133333333331331333333333313
3111111111111111111111111113
3333333333333333333333333333